4.385E-12 6.303E-25 2.956E-14
4.407E-12 6.303E-24 2.975E-14
4.547E-12 6.303E-23 3.069E-14
6.472E-12 7.551E-22 4.369E-14
9.150E-12 8.737E-21 6.189E-14
2.516E-11 1.061E-19 1.700E-13
1.183E-10 3.632E-18 7.937E-13
6.416E-10 1.186E-16 4.331E-12
5.825E-09 6.081E-15 3.934E-11
1.463E-08 3.100E-14 9.881E-11
3.675E-08 1.517E-13 2.483E-10
9.228E-08 7.183E-13 6.235E-10
2.319E-07 3.286E-12 1.566E-09
5.825E-07 1.447E-11 3.934E-09
1.463E-06 6.088E-11 9.881E-09
3.676E-06 2.441E-10 2.483E-08
4.627E-06 3.282E-10 3.125E-08
9.233E-06 8.955E-10 6.235E-08
1.842E-05 2.392E-09 1.244E-07
3.676E-05 6.278E-09 2.482E-07
7.337E-05 1.625E-08 4.953E-07
1.464E-04 4.166E-08 9.881E-07
1.843E-04 5.453E-08 1.244E-06
2.922E-04 1.017E-07 1.972E-06
4.631E-04 1.890E-07 3.125E-06
5.830E-04 2.577E-07 3.934E-06
7.342E-04 3.143E-07 4.952E-06
9.245E-04 4.281E-07 6.235E-06
1.465E-03 7.938E-07 9.881E-06
2.323E-03 1.470E-06 1.566E-05
3.683E-03 2.722E-06 2.482E-05
4.637E-03 3.533E-06 3.125E-05
5.836E-03 4.807E-06 3.934E-05
7.353E-03 6.540E-06 4.952E-05
9.256E-03 8.893E-06 6.235E-05
1.166E-02 1.209E-05 7.850E-05
1.468E-02 1.562E-05 9.881E-05
1.848E-02 2.124E-05 1.244E-04
2.328E-02 2.888E-05 1.566E-04
2.931E-02 3.713E-05 1.972E-04
3.692E-02 5.048E-05 2.482E-04
4.649E-02 6.865E-05 3.125E-04
5.852E-02 9.330E-05 3.934E-04
7.376E-02 1.269E-04 4.953E-04
9.284E-02 1.621E-04 6.235E-04
1.029E-01 1.805E-04 6.906E-04
1.169E-01 2.053E-04 7.850E-04
1.473E-01 2.791E-04 9.881E-04
1.855E-01 3.630E-04 1.244E-03
2.398E-01 4.871E-04 1.608E-03
2.488E-01 4.924E-04 1.669E-03
2.917E-01 5.212E-04 1.954E-03
3.688E-01 5.678E-04 2.469E-03
4.443E-01 6.135E-04 2.974E-03
5.427E-01 6.759E-04 3.633E-03
6.673E-01 7.601E-04 4.464E-03
8.207E-01 8.731E-04 5.491E-03
3.762 5.799E-03 2.500E-02
7.530 1.166E-02 5.000E-02
11.30 2.085E-02 7.500E-02
15.08 3.216E-02 1.000E-01
18.86 4.515E-02 1.250E-01
22.64 5.961E-02 1.500E-01
26.42 7.544E-02 1.750E-01
30.21 9.260E-02 2.000E-01
34.00 1.110E-01 2.250E-01
37.79 1.308E-01 2.500E-01
41.58 1.518E-01 2.750E-01
45.38 1.742E-01 3.000E-01
49.18 1.980E-01 3.250E-01
52.98 2.231E-01 3.500E-01
56.78 2.497E-01 3.750E-01
60.58 2.777E-01 4.000E-01
64.38 3.073E-01 4.250E-01
68.19 3.385E-01 4.500E-01
72.00 3.713E-01 4.750E-01
75.81 4.054E-01 5.000E-01
