4.385E-12 6.303E-25 2.956E-14 927.1397158323389
4.407E-12 6.303E-24 2.975E-14 925.8403361357781
4.547E-12 6.303E-23 3.069E-14 925.9938090711612
6.472E-12 7.551E-22 4.369E-14 925.841153690075
9.150E-12 8.737E-21 6.189E-14 924.0184206593351
2.516E-11 1.061E-19 1.700E-13 925.0000039007354
1.183E-10 3.632E-18 7.937E-13 931.5547722061231
6.416E-10 1.186E-16 4.331E-12 925.8833390094667
5.825E-09 6.081E-15 3.934E-11 925.4267413891713
1.463E-08 3.100E-14 9.881E-11 925.3890674020846
3.675E-08 1.517E-13 2.483E-10 925.044092327829
9.228E-08 7.183E-13 6.235E-10 925.0272483961508
2.319E-07 3.286E-12 1.566E-09 925.5399345466158
5.825E-07 1.447E-11 3.934E-09 925.4487639806813
1.463E-06 6.088E-11 9.881E-09 925.4256148163142
3.676E-06 2.441E-10 2.483E-08 925.3534283125251
4.627E-06 3.282E-10 3.125E-08 925.4656399999998
9.233E-06 8.955E-10 6.235E-08 925.6110164394546
1.842E-05 2.392E-09 1.244E-07 925.5622990353698
3.676E-05 6.278E-09 2.482E-07 925.8228746978243
7.337E-05 1.625E-08 4.953E-07 926.0328336361798
1.464E-04 4.166E-08 9.881E-07 926.2831444185812
1.843E-04 5.453E-08 1.244E-06 926.2184987942122
2.922E-04 1.017E-07 1.972E-06 926.4125887423935
4.631E-04 1.890E-07 3.125E-06 926.578
5.830E-04 2.577E-07 3.934E-06 926.629543721403
7.342E-04 3.143E-07 4.952E-06 927.042482835218
9.245E-04 4.281E-07 6.235E-06 927.153267842823
1.465E-03 7.938E-07 9.881E-06 927.154260702358
2.323E-03 1.470E-06 1.566E-05 927.7099297573436
3.683E-03 2.722E-06 2.482E-05 928.1129129734087
4.637E-03 3.533E-06 3.125E-05 928.1066
5.836E-03 4.807E-06 3.934E-05 927.9370551601422
7.353E-03 6.540E-06 4.952E-05 928.8595516962845
9.256E-03 8.893E-06 6.235E-05 928.7182237369688
1.166E-02 1.209E-05 7.850E-05 929.3065286624204
1.468E-02 1.562E-05 9.881E-05 929.5377492156664
1.848E-02 2.124E-05 1.244E-04 929.5237138263666
2.328E-02 2.888E-05 1.566E-04 930.2713920817368
2.931E-02 3.713E-05 1.972E-04 930.1194852941176
3.692E-02 5.048E-05 2.482E-04 930.9649476228847
4.649E-02 6.865E-05 3.125E-04 931.1730000000001
5.852E-02 9.330E-05 3.934E-04 931.1975724453482
7.376E-02 1.269E-04 4.953E-04 932.3503432263276
9.284E-02 1.621E-04 6.235E-04 932.2584202085004
1.029E-01 1.805E-04 6.906E-04 932.8889733565017
1.169E-01 2.053E-04 7.850E-04 932.3670382165606
1.473E-01 2.791E-04 9.881E-04 933.477760348143
1.855E-01 3.630E-04 1.244E-03 933.7972266881028
2.398E-01 4.871E-04 1.608E-03 933.9517257462686
2.488E-01 4.924E-04 1.669E-03 933.5395446375073
2.917E-01 5.212E-04 1.954E-03 934.6890992835209
3.688E-01 5.678E-04 2.469E-03 935.0136695018227
4.443E-01 6.135E-04 2.974E-03 935.006514794889
5.427E-01 6.759E-04 3.633E-03 934.7920107349298
6.673E-01 7.601E-04 4.464E-03 935.344002016129
8.207E-01 8.731E-04 5.491E-03 935.1360180295027
3.762     5.799E-03 2.500E-02 941.94975
7.530     1.166E-02 5.000E-02 942.7075
11.30     2.085E-02 7.500E-02 943.4041666666667
15.08     3.216E-02 1.000E-01 944.51
18.86     4.515E-02 1.250E-01 945.2574999999999
22.64     5.961E-02 1.500E-01 945.8170833333334
26.42     7.544E-02 1.750E-01 946.2657142857144
30.21     9.260E-02 2.000E-01 946.9562500000001
34.00     1.110E-01 2.250E-01 947.5277777777776
37.79     1.308E-01 2.500E-01 948.02
41.58     1.518E-01 2.750E-01 948.4499999999999
45.38     1.742E-01 3.000E-01 949.0458333333335
49.18     1.980E-01 3.250E-01 949.5769230769231
52.98     2.231E-01 3.500E-01 950.0553571428572
56.78     2.497E-01 3.750E-01 950.4949999999999
60.58     2.777E-01 4.000E-01 950.9015625
64.38     3.073E-01 4.250E-01 951.2838235294117
68.19     3.385E-01 4.500E-01 951.7847222222223
72.00     3.713E-01 4.750E-01 952.253947368421
75.81     4.054E-01 5.000E-01 952.6925
