4.385E-12 6.303E-25
4.407E-12 6.303E-24
4.547E-12 6.303E-23
6.472E-12 7.551E-22
9.150E-12 8.737E-21
2.516E-11 1.061E-19
1.183E-10 3.632E-18
6.416E-10 1.186E-16
5.825E-09 6.081E-15
1.463E-08 3.100E-14
3.675E-08 1.517E-13
9.228E-08 7.183E-13
2.319E-07 3.286E-12
5.825E-07 1.447E-11
1.463E-06 6.088E-11
3.676E-06 2.441E-10
4.627E-06 3.282E-10
9.233E-06 8.955E-10
1.842E-05 2.392E-09
3.676E-05 6.278E-09
7.337E-05 1.625E-08
1.464E-04 4.166E-08
1.843E-04 5.453E-08
2.922E-04 1.017E-07
4.631E-04 1.890E-07
5.830E-04 2.577E-07
7.342E-04 3.143E-07
9.245E-04 4.281E-07
1.465E-03 7.938E-07
2.323E-03 1.470E-06
3.683E-03 2.722E-06
4.637E-03 3.533E-06
5.836E-03 4.807E-06
7.353E-03 6.540E-06
9.256E-03 8.893E-06
1.166E-02 1.209E-05
1.468E-02 1.562E-05 
1.848E-02 2.124E-05
2.328E-02 2.888E-05
2.931E-02 3.713E-05
3.692E-02 5.048E-05
4.649E-02 6.865E-05
5.852E-02 9.330E-05
7.376E-02 1.269E-04
9.284E-02 1.621E-04
1.029E-01 1.805E-04
1.169E-01 2.053E-04
1.473E-01 2.791E-04
1.855E-01 3.630E-04
2.398E-01 4.871E-04
2.488E-01 4.924E-04
2.917E-01 5.212E-04
3.688E-01 5.678E-04
4.443E-01 6.135E-04
5.427E-01 6.759E-04 
6.673E-01 7.601E-04
8.207E-01 8.731E-04
3.762 5.799E-03
7.530 1.166E-02
11.30 2.085E-02
15.08 3.216E-02
18.86 4.515E-02
22.64 5.961E-02
26.42 7.544E-02
30.21 9.260E-02
34.00 1.110E-01
37.79 1.308E-01
41.58 1.518E-01
45.38 1.742E-01
49.18 1.980E-01
52.98 2.231E-01
56.78 2.497E-01
60.58 2.777E-01
64.38 3.073E-01
68.19 3.385E-01
72.00 3.713E-01
75.81 4.054E-01
