4.385E-12 6.303E-25 2.956E-14
4.407E-12 6.303E-24 2.975E-14
4.547E-12 6.303E-23 3.069E-14
6.472E-12 7.551E-22 4.369E-14
9.150E-12 8.737E-21 6.189E-14
2.516E-11 1.061E-19 1.700E-13
1.183E-10 3.632E-18 7.937E-13
6.416E-10 1.186E-16 4.331E-12
0.118E-10 0.352E-15 0.792E-13
0.149E-10 0.448E-15 0.998E-13
0.187E-10 0.570E-15 0.126E-12
0.235E-10 0.726E-15 0.158E-12
0.296E-10 0.925E-15 0.199E-12
0.373E-10 0.118E-14 0.251E-12
0.470E-10 0.150E-14 0.315E-12
0.591E-10 0.191E-14 0.397E-12
0.744E-10 0.243E-14 0.500E-12
0.937E-10 0.310E-14 0.629E-12
9.40992236149147e-10	3.1809141373497924e-12	6.25e-12
1.0307393229119797e-9	3.1817269850892535e-12	6.8529887174839776e-12
1.1291455190641738e-9	3.1826864298094215e-12	7.514152697914031e-12
1.237046332217979e-9	3.1838197896318205e-12	8.239104585641063e-12
1.3553578944178766e-9	3.185159659748612e-12	9.033998522810995e-12
1.485084742388171e-9	3.186744151410175e-12	9.905582392094508e-12
1.627328353275661e-9	3.188618800666942e-12	1.0861255099701058e-11
1.783296497175376e-9	3.1908368164695682e-12	1.1909129384954666e-11
1.9543134957892196e-9	3.193460834941998e-12	1.3058100689624196e-11
2.1418314716577005e-9	3.1965643226067184e-12	1.43179226716423e-11
2.347442677935208e-9	3.200232256626088e-12	1.5699290004251636e-11
2.5728930248924127e-9	3.204563787751108e-12	1.7213929163463275e-11
2.820096901225749e-9	3.2096727921823007e-12	1.8874697974525157e-11
3.0911534315394317e-9	3.215689835595337e-12	2.069569476245417e-11
3.388364295790315e-9	3.2227631644271173e-12	2.2692378033214514e-11
3.7142532691890114e-9	3.2310602200669633e-12	2.488169770152005e-11
4.071587640693267e-9	3.240768282064185e-12	2.7282238979258228e-11
4.4634016988798434e-9	3.2520950416230565e-12	2.991438014600932e-11
4.893022477822561e-9	3.2652688221436484e-12	3.280046554098056e-11
5.364097987563715e-9	3.280538293305101e-12	3.596499524488989e-11
5.880628162534083e-9	3.298172350374054e-12	3.943483306201526e-11
6.4469988011240584e-9	3.3184595915602784e-12	4.323943456797675e-11
7.06801877410061e-9	3.3417078123739485e-12	4.741109715915702e-11
7.748960831941291e-9	3.3682441283199517e-12	5.198523422643836e-11
8.495606347283185e-9	3.398415583923348e-12	5.7000675780727034e-11
9.314294381986113e-9	3.4325901716194374e-12	6.249999808228555e-11
1.021197549106928e-8	3.4711592555515757e-12	6.852988507210769e-11
1.1196270721968304e-8	3.5145397166846202e-12	7.514152467354042e-11
1.2275536313313427e-8	3.5631788796015548e-12	8.239104332837064e-11
1.3458934629812364e-8	3.61755759946996e-12	9.03399824561692e-11
1.475651195082089e-8	3.678195912282328e-12	9.90558208815725e-11
1.6179283762803044e-8	3.74565925108826e-12	1.0861254766440482e-10
1.7739328274336048e-8	3.8205645032130124e-12	1.1909129019541714e-10
1.9449888962647852e-8	3.9035862594497854e-12	1.3058100288956862e-10
2.132548700096756e-8	3.995464997141451e-12	1.4317922232319303e-10
2.3382044540138013e-8	4.097013770811305e-12	1.569928952254355e-10
2.5637019878538254e-8	4.209128759699025e-12	1.721392863528086e-10
2.8109555679196666e-8	4.332796202739785e-12	1.887469739538466e-10
3.082064146042713e-8	4.469104134561634e-12	2.0695694127439242e-10
3.379329181092711e-8	4.619252812321886e-12	2.2692377336934488e-10
3.705274173544048e-8	4.78456692414207e-12	2.488169693806419e-10
4.0626660912066424e-8	4.966509153634284e-12	2.7282238142145524e-10
4.4545388557583946e-8	5.1666949545191875e-12	2.991437922813349e-10
4.88421910085399e-8	5.386910401935864e-12	3.280046453454974e-10
5.355354410938323e-8	5.629128682903498e-12	3.5964994141360435e-10
5.871944288533569e-8	5.895533002250579e-12	3.943483185201927e-10
6.43837410436976e-8	6.188539170065202e-12	4.3239433241242536e-10
7.059452328188044e-8	6.510822065106564e-12	4.741109570442188e-10
7.740451348935332e-8	6.865345304837075e-12	5.1985232631353e-10
8.487152232605107e-8	7.255395561792216e-12	5.700067403175073e-10
9.305893801433218e-8	7.684619298792772e-12	6.249999616457114e-10
1.0203626446463407e-7	8.157066693654432e-12	6.852988296937567e-10
1.1187971129151534e-7	8.677240183954875e-12	7.514152236794062e-10
1.2267284084483535e-7	9.250149683707126e-12	8.239104080033071e-10
1.345072775702694e-7	9.881375786296199e-12	9.033997968422857e-10
1.474834858607461e-7	1.0577140667072516e-11	9.90558178422e-10
1.6171162299558436e-7	1.1344391142145582e-11	1.0861254433179918e-9
1.773124742753447e-7	1.2190891308096377e-11	1.1909128654128773e-9
1.944184785124459e-7	1.3125328568166465e-11	1.3058099888289538e-9
2.1317485234579574e-7	1.4157436209195916e-11	1.431792179299632e-9
2.3374082312838965e-7	1.5298132435978294e-11	1.5699289040835482e-9
2.5629098075037874e-7	1.6559680480019703e-11	1.7213928107098464e-9
2.8101675988520624e-7	1.7955871521278917e-11	1.887469681624418e-9
3.0812806523863477e-7	1.950223344206201e-11	2.0695693492424338e-9
3.3785505372530704e-7	2.121627178568617e-11	2.269237664065449e-9
3.704500884472359e-7	2.3117746101962348e-11	2.4881696174608348e-9
4.061898813988585e-7	2.5228982883625347e-11	2.728223730503284e-9
4.453778427491736e-7	2.7575239747916277e-11	2.9914378310257687e-9
4.883466569327084e-7	3.018511786601875e-11	3.280046352811894e-9
5.354611073617831e-7	3.309103821171949e-11	3.5964993037831014e-9
5.871211735556387e-7	3.6329779477810606e-11	3.943483064202331e-9
6.437654273201567e-7	3.99431010049403e-11	4.323943191450836e-9
7.058747565149937e-7	4.397844960876342e-11	4.741109424968679e-9
7.739764480629681e-7	4.8489764284371283e-11	5.1985231036267685e-9
8.486486653753187e-7	5.3538399605329205e-11	5.700067228277445e-9
9.305253573249932e-7	5.919416522203866e-11	6.249999424685681e-9
1.020301641270176e-6	6.5536523323159e-11	6.8529880866643726e-9
1.1187397056566995e-6	7.265593532022201e-11	7.514152006234089e-9
1.226675281592908e-6	8.065539351206526e-11	8.239103827229089e-9
1.3450247397769663e-6	8.965216271554789e-11	9.033997691228801e-9
1.4747928718189088e-6	9.977974950712503e-11	9.905581480282765e-9
1.6170814222803394e-6	1.1119011598415304e-10	1.0861254099919365e-8
1.7730984447360611e-6	1.2405621232170736e-10	1.1909128288715839e-8
1.9441685603178434e-6	1.385748188933407e-10	1.3058099487622225e-8
2.1317442057642037e-6	1.549697478654752e-10	1.431792135367335e-8
2.33741796827294e-6	1.7349548850763405e-10	1.5699288559127424e-8
2.5629361097811334e-6	1.9444129105700216e-10	1.7213927578916084e-8
2.8102133963066358e-6	2.1813579858761422e-10	1.8874696237103713e-8
3.081349358544502e-6	2.4495225071111674e-10	2.0695692857409445e-8
3.3786461230639597e-6	2.753143930013637e-10	2.2692375944374512e-8
3.7046279621228465e-6	3.0970312389156975e-10	2.4881695411152535e-8
4.062062732081597e-6	3.486639874254137e-10	2.7282236467920186e-8
4.4539853798030944e-6	3.928156600121062e-10	2.991437739238192e-8
4.883723718218962e-6	4.428595387774322e-10	3.280046252168817e-8
5.354926690603603e-6	4.995905217077992e-10	3.596499193430162e-8
5.871595358482791e-6	5.639092731548945e-10	3.94348294320274e-8
6.438116888543642e-6	6.368359482452757e-10	4.323943058777422e-8
7.0593018103157585e-6	7.195258690354511e-10	4.741109279495173e-8
7.740426107669562e-6	8.127236667586065e-10	5.1985229441182427e-8
8.48727280570385e-6	9.181765482972521e-10	5.700067053379826e-8
9.30618359189364e-6	1.037634121092371e-9	6.249999232914253e-8
0.000010204112432338632	1.1729494566134314e-9	6.852987876391183e-8
0.000011188684377034219	1.326217867533825e-9	7.514151775674121e-8
0.00001226826033435506	1.4998080437455946e-9	8.239103574425113e-8
0.00001345200808584806	1.6963981335694233e-9	9.033997414034756e-8
0.000014749980168481455	1.9190151834299506e-9	9.905581176345536e-8
0.00001617319926542803	2.1710810725652706e-9	1.0861253766658822e-7
0.000017733751840607744	2.456462944284432e-9	1.190912792330292e-7
0.000019444890822894955	2.779532248707206e-9	1.305809908695493e-7
0.000021321148182962592	3.1452288587495364e-9	1.4317920914350396e-7
0.00002337845839477218	3.559135474914559e-9	1.5699288077419383e-7
0.00002563429381177013	4.027561115548947e-9	1.7213927050733722e-7
0.00002810781310753596	4.557635038715833e-9	1.887469565796327e-7
0.00003082002404952602	5.157411690743037e-9	2.0695692222394577e-7
0.00003379396199108226	5.835994348867732e-9	2.2692375248094552e-7
0.000037054885581303474	6.6036654636253554e-9	2.488169464769674e-7
0.000040630491406140825	7.472044420336316e-9	2.728223563080756e-7
0.000044551149290803116	8.454256727538628e-9	2.991437647450618e-7
0.00004885016039014176	9.56512980097407e-9	3.280046151525744e-7
0.000053564040148415744	1.0821411889321436e-8	3.596499083077226e-7
0.000058732828595500826	1.2242022886993386e-8	3.9434828222031517e-7
0.00006440043100864698	1.3848342011604554e-8	4.3239429261040124e-7
0.00007061503592137201	1.566580310449311e-8	4.7411091340216725e-7
0.00007742939750355235	1.7719172691552105e-8	5.19852278460972e-7
0.00008490140280509115	2.0038548651692733e-8	5.700066878482211e-7
0.00009309452662797923	2.2657762072270886e-8	6.249999041142832e-7
0.00010207837096387372	2.561482733973187e-8	6.852987666118001e-7
0.0001119292564633519	2.8952431901497353e-8	7.514151545114162e-7
0.00012273087109381938	3.271847882133125e-8	8.239103321621144e-7
0.00013457498129186758	3.696669194195913e-8	9.033997136840717e-7
0.00014756221184896977	4.175728354189395e-8	9.905580872408318e-7
0.00016180290107609512	4.715768285770904e-8	1.0861253433398288e-6
0.00017741803840771802	5.3243354558007944e-8	1.1909127557890011e-6
0.00019454029263413515	6.009869724843058e-8	1.3058098686287645e-6
0.00021331513930807113	6.781802426880647e-8	1.4317920475027452e-6
0.0002339020969081982	7.650665488614828e-8	1.5699287595711355e-6
0.0002564762246493849	8.634407534057408e-8	1.7213926522551375e-6
0.0002812294104314025	9.750710887831596e-8	1.887469507882284e-6
0.00030837186785889504	1.1010270483307958e-7	2.069569158737973e-6
0.00033813425175739366	1.2431336651695118e-7	2.269237455181462e-6
0.0003707694878219494	1.403446529323921e-7	2.488169388424098e-6
0.0004065549234419243	1.5842807347669545e-7	2.7282234793694962e-6
0.00044579468617740115	1.7882429135432072e-7	2.991437555663046e-6
0.0004888222702169912	2.018267492446497e-7	3.2800460508826726e-6
0.0005360033726448178	2.2776569750231154e-7	3.596498972724294e-6
0.0005877390037188179	2.570126651293656e-7	3.943482701203568e-6
0.0006444688972187598	2.899854440964865e-7	4.323942793430606e-6
0.000706675250930991	3.271535527946454e-7	4.741108988548175e-6
0.0007748868273860879	3.6904421477487703e-7	5.198522625101204e-6
0.0008496837499411323	4.1566569711205735e-7	5.700066703584599e-6
0.0009317015800613247	4.6757528788855854e-7	6.249998849371415e-6
0.0010216372172571894	5.256200771880151e-7	6.852987455844825e-6
0.001120255009415354	5.903736770027537e-7	7.514151314554209e-6
0.0012283930118857538	6.623550709633579e-7	8.239103068817184e-6
0.0013469710090547246	7.415446741585133e-7	9.033996859646683e-6
0.001477000127007861	8.288687234957874e-7	9.905580568471106e-6
0.0016195823139179592	9.28405697583746e-7	0.000010861253100137765
0.0017759300425726574	1.041679897639429e-6	0.000011909127192477117
0.0019473756379684772	1.1748787919741648e-6	0.000013058098285620373
0.002135376006363845	1.3259534827849697e-6	0.000014317920035704524
0.002341529644917823	1.4963429917975679e-6	0.000015699287114003345
0.002567589860418209	1.688494622796851e-6	0.000017213925994369043
0.002815479349993329	1.9051632137602765e-6	0.000018874694499682433
0.0030873065714284624	2.1494490381584527e-6	0.000020695690952364898
0.003385383695805736	2.4248408233182214e-6	0.0000226923738555347
0.0037122462977704457	2.735263508446707e-6	0.000024881693120785238
0.004070674946556332	3.0851320577333955e-6	0.000027282233956582383
0.004463718886874436	3.4794116683169564e-6	0.000029914374638754774
0.004894722008100366	3.923685202280704e-6	0.00003280045950239606
0.0053673513242428845	4.424228691155841e-6	0.00003596498862371365
0.0058856291689508705	4.98818517618798e-6	0.00003943482580203988
0.006453973197418125	5.624216807410426e-6	0.00004323942660757205
0.007077213314703724	6.340677082628028e-6	0.000047411088430746846
0.007760653511922719	7.1476288243551325e-6	0.00005198522465592693
0.008510110416160512	8.056375849013466e-6	0.000057000665286869936
0.009331962851932545	9.079613201746405e-6	0.00006249998657600005
0.010233206198761011	0.00001023159444294599	0.00006852987245571655
0.0112215119996502	0.000011528319357483614	0.00007514151083994266
0.012305293341287986	0.000012987742220515842	0.00008239102816013231
0.013493776549291975	0.000014630005853929804	0.00009033996582452663
0.014797117223518888	0.000016331809626757414	0.00009905580264533906
0.016226377939438593	0.000018062511925458514	0.00010861252766877252
0.017793735768276628	0.000020271829437582256	0.00011909126827064232
0.01951252306882745	0.00002274866628584875	0.0001305809788495311
0.021397371884267758	0.000025520821647162952	0.0001431791959638161
0.02346432852793212	0.000028622251296726366	0.00015699286632295348
0.025731013650128025	0.00003160205204073073	0.00017213925466186728
0.028216725672762316	0.00003515738330939905	0.0001887469392054204
0.0309427209706303	0.00003964136482848244	0.00020695690317350086
0.033932177352412274	0.00004468574375778635	0.00022692373159254807
0.03721056852822823	0.00005035960805379196	0.00024881692357329516
0.040805832420699635	0.00005674025910874079	0.00027282233119469833
0.04474860935762785	0.0000639136686071034	0.0002991437372087912
0.04907250318451562	0.00007197516759781296	0.0003280045849596541
0.05381436763816703	0.0000810302314397313	0.00035964987520184386
0.05901462037496724	0.000091195045562263	0.00039434824592044106
0.06471758718005557	0.00010259521710697651	0.00043239425280838074
0.07097187800170789	0.00011535313776414661	0.00047411086976011985
0.07783047874236032	0.00012434467115030452	0.0005198522306084185
0.08535242145459467	0.00013897431406514923	0.0005700066353789395
0.09360142409199726	0.0001555100363235975	0.0006249998465828602
0.1026478304107525	0.00017406978641734802	0.0006852987035298493
0.11256896842894112	0.00019481952962993463	0.0007514150853434326
0.12344967367082019	0.00021802063198220076	0.0008239102563209287
0.13538230597981626	0.00024388722930836088	0.0009033996305258651
0.14846856233492653	0.00027270852230732394	0.0009905579960596716
0.16282075010955394	0.0003050846751252536	0.0010861252433616748
0.17856101697200646	0.00034130803106374844	0.0011909126461651356
0.195823242760237	0.00038167385799305547	0.001305809748428586
0.21475458186813468	0.00042662786679489666	0.001431791915705871
0.23551730094241546	0.0004634863097025933	0.0015699286150587363
0.2582879319531803	0.0005001660738245302	0.0017213924938004426
0.28325860586865775	0.0005293797413469166	0.0018874693341401666
0.3106402747863978	0.0005556350441443356	0.0020695689682335297
0.3406658531655945	0.0005811542817244324	0.0022692372462974936
0.3735902678537282	0.0006073571227552711	0.0024881691593873815
0.40969347742083023	0.0006348923962116356	0.002728223228235731
0.44928232389903694	0.0006627542176750718	0.002991437280300349
0.4926931210849473	0.0006911677704168405	0.003280045748953479
0.5402947056500557	0.0007257589450972313	0.0035964986416655163
0.5924923649483524	0.0007657243781539153	0.003943482338204838
0.6497300012529237	0.0008103032236823614	0.004323942395410414
0.712494394099413	0.0008600724487079171	0.004741108552127715
0.781319302719598	0.0009157539726292894	0.005198522146575684
0.8567899491442812	0.0009780706356425878	0.005700066178891801
0.9395479368052153	0.0010477003996610874	0.006249998274057204
1.0302966322504938	0.00112521440317193	0.006852986825025335
1.1298088705035805	0.0012123409287806454	0.007514150622874396
1.238931734428719	0.0013107216877492425	0.008239102310405349
1.3585901430425618	0.0014189869720648075	0.009033996028064645
1.4898070314522198	0.0015413927958094536	0.009905579656659533
1.633693232218699	0.0016746162070479839	0.010861252100356256
1.7914768549579707	0.0018259955299126213	0.011909126096238495
1.9644951392616048	0.0019949522218032363	0.013058097083618625
2.154228419810389	0.0021880046162469505	0.01431791871773582
2.3622793738735717	0.0023981174481097754	0.0156992856688794
2.5904314071414185	0.0026373486096334317	0.017213924409822147
2.840616911538911	0.0029012470389811105	0.018874692762261315
3.1149584625327305	0.0031881931139304625	0.020695689047320522
3.415810752430361	0.003516168317827057	0.022692371766695085
3.745718204966428	0.0038762740499094905	0.024881690830418145
4.107482114461447	0.004267876439266204	0.02728223144524481
4.504188184716017	0.004700806220850572	0.02991437188512789
4.939229303113391	0.005191660841949477	0.0328004564831042
5.416283405898132	0.005727263923848288	0.03596498531312598
5.939406625670796	0.0063115377360876464	0.03943482217205268
6.513046610083194	0.006949383904781778	0.04323942262737025
7.142125774627171	0.0076815876123506625	0.04741108406654236
7.83197832822477	0.008503296583155117	0.05198521987067186
8.588460510523435	0.009418473821175595	0.057000660039942114
9.418008748932724	0.010445868386770796	0.062499980822858105
10.327682527645122	0.011611156857180033	0.06852986614752185
11.325225401078965	0.01294959674891479	0.07514150392314471
12.419154577999546	0.014526672645333225	0.0823910205760142
13.618860022731772	0.01645672797054739	0.0903399575087065
14.934507185959374	0.018776060106279954	0.09905579352722362
16.37732422284543	0.021603365618496843	0.10861251767095775
17.95963617286949	0.025095798238954956	0.11909125730825644
19.694975129332935	0.029459672865382796	0.130580966829514
21.598202145146285	0.034963348766488524	0.14317918278412944
23.685642187907654	0.04195247078392973	0.15699285187171447
25.97523357432285	0.05086764865071459	0.17213923881639884
28.486693498609732	0.0622645906261868	0.18874692183120978
31.24170132383798	0.07683650893655959	0.20695688412305774
34.26410158102444	0.09543854996136243	0.22692371070415257
37.58012874002131	0.11911373652721444	0.24881690066962497
41.21843090978067	0.14003394672664676	0.2728223060813234
45.20973502157307	0.16919691589824973	0.29914370967252313
49.58946699414687	0.2108200719544333	0.3280045547667366
54.395858474426674	0.26223958791470625	0.3596498420959683
59.672728880661595	0.32447394370892374	0.3943482096205704
65.4648683691838	0.40004168351614927	0.43239421300636405
71.82317870087111	0.4912702763844185	0.47411082611807626
78.80469821388432	0.6006772643710782	0.5198521827558695
